ISS (ZARYA)             
1 25544U 98067A   16284.17420799  .00006778  00000-0  10957-3 0  9993
2 25544  51.6448 204.4850 0006808  61.5510  95.6847 15.54113582 22876
TIANGONG 1              
1 37820U 11053A   16284.22231481  .00026052  00000-0  23786-3 0  9998
2 37820  42.7614 277.3235 0014447 122.0922  61.8020 15.67189707288605
SPINSAT                 
1 40314U 98067FL  16283.49943490  .00054011  00000-0  21339-3 0  9996
2 40314  51.6317 143.5335 0004420 152.4139 207.7100 15.86235636158204
S-CUBE                  
1 40898U 98067GY  16284.12045188  .00169674  21851-4  51226-3 0  9992
2 40898  51.6268 161.2574 0002487 234.3773 125.7002 15.91840303 60912
AGGIESAT 4              
1 41313U 98067HP  16284.17922275  .00027430  00000-0  29818-3 0  9995
2 41313  51.6390 195.8431 0002472 273.3552  86.7160 15.63247345 39696
BEVO 2                  
1 41314U 98067HQ  16283.36884346  .00043756  00000-0  38717-3 0  9999
2 41314  51.6325 195.5321 0001266 243.0112 117.0756 15.68175758 39429
PROGRESS-MS 02          
1 41436U 16022A   16282.53425926  .00005570  00000-0  91449-4 0  9992
2 41436  51.6440 212.6586 0006601  55.8860 280.1332 15.54086040 29705
MINXSS                  
1 41474U 98067HU  16284.16483375  .00073697  00000-0  75797-3 0  9998
2 41474  51.6420 199.5209 0002711 169.6992 190.4059 15.64201202 22889
CADRE                   
1 41475U 98067HV  16284.16072298  .00130386  00000-0  10361-2 0  9991
2 41475  51.6365 197.2057 0003691 162.1131 197.9997 15.70312028 22918
STMSAT-1                
1 41476U 98067HW  16284.02916064  .00057189  00000-0  58439-3 0  9993
2 41476  51.6386 200.0939 0002987 152.7378 207.3775 15.64469820 22779
NODES 2                 
1 41477U 98067HX  16284.13230018  .00038759  00000-0  44436-3 0  9998
2 41477  51.6380 200.7800 0002619 157.5648 202.5461 15.61694992 22779
NODES 1                 
1 41478U 98067HY  16284.20053696  .00040434  00000-0  46455-3 0  9998
2 41478  51.6378 200.4842 0002534 156.8122 203.2986 15.61620359 22782
FLOCK 2E'-1             
1 41479U 98067HZ  16284.03708616  .00021054  00000-0  26519-3 0  9995
2 41479  51.6421 202.1885 0003353  66.3197  29.9289 15.59577270 22706
FLOCK 2E'-3             
1 41480U 98067JA  16284.02207484  .00021322  00000-0  26613-3 0  9996
2 41480  51.6425 202.1153 0004006  90.8570 356.3975 15.59808216 22709
FLOCK 2E'-2             
1 41481U 98067JB  16284.06375804  .00022199  00000-0  27244-3 0  9997
2 41481  51.6416 201.6005 0003301  61.0346  43.3670 15.60227107 22697
FLOCK 2E'-4             
1 41482U 98067JC  16284.02843597  .00024266  00000-0  29866-3 0  9992
2 41482  51.6413 202.1356 0003618 102.4385 351.5036 15.60092424 22685
FLOCK 2E-1              
1 41483U 98067JD  16284.03498528  .00019269  00000-0  24128-3 0  9997
2 41483  51.6419 202.1981 0003750 121.0752 329.5122 15.59796185 22558
FLOCK 2E-2              
1 41484U 98067JE  16284.15708053  .00022799  00000-0  28456-3 0  9998
2 41484  51.6433 201.4140 0003060 128.6423  12.4811 15.59765581 22577
LEMUR-2-THERESACONDOR   
1 41485U 98067JF  16284.05639557  .00070541  00000-0  70852-3 0  9995
2 41485  51.6423 200.0725 0003067  89.8720   6.2296 15.64817341 22549
FLOCK 2E-3              
1 41486U 98067JG  16284.06412640  .00018826  00000-0  24201-3 0  9994
2 41486  51.6432 202.3618 0002360 160.8478 303.3818 15.59120263 22580
FLOCK 2E-4              
1 41487U 98067JH  16284.17106552  .00019767  00000-0  24958-3 0  9993
2 41487  51.6417 201.4912 0002625 160.4088 342.8835 15.59559216 22602
LEMUR-2-NICK-ALLAIN     
1 41488U 98067JJ  16284.20693449  .00070960  00000-0  72338-3 0  9991
2 41488  51.6416 199.4609 0003087 103.5061  48.7873 15.64440509 22562
LEMUR-2-KANE            
1 41489U 98067JK  16284.04624064  .00056914  00000-0  57341-3 0  9991
2 41489  51.6414 199.9967 0003412 117.7530 343.9473 15.64827889 21793
LEMUR-2-JEFF            
1 41490U 98067JL  16284.05386681  .00078365  00000-0  76770-3 0  9995
2 41490  51.6414 200.0417 0003947 122.7183 340.9483 15.65398403 22540
FLOCK 2E-6              
1 41563U 98067JM  16282.84016464  .00019140  00000-0  24706-3 0  9998
2 41563  51.6422 208.5679 0003152  46.5924 352.6101 15.58996500 20456
FLOCK 2E-5              
1 41564U 98067JN  16284.20708786  .00021883  00000-0  28046-3 0  9994
2 41564  51.6405 201.7182 0003562  63.0157  87.3304 15.59090069 20654
FLOCK 2E-7              
1 41565U 98067JP  16284.17554147  .00024300  00000-0  30207-3 0  9990
2 41565  51.6427 201.5164 0001548 232.7149 270.6054 15.59832697 20554
FLOCK 2E-8              
1 41566U 98067JQ  16284.01351034  .00067639  00000-0  76780-3 0  9992
2 41566  51.6412 202.0411 0002197 191.2718 261.7345 15.61711016 20527
FLOCK 2E'-5             
1 41567U 98067JR  16284.16409133  .00018277  00000-0  23857-3 0  9994
2 41567  51.6426 202.1951 0002093 296.1820 204.8442 15.58735638 20514
FLOCK 2E'-6             
1 41568U 98067JS  16284.20089544  .00022128  00000-0  28160-3 0  9992
2 41568  51.6415 201.6691 0001675 297.0110 213.8375 15.59272576 20552
FLOCK 2E'-8             
1 41569U 98067JT  16284.16612065  .00022947  00000-0  28496-3 0  9999
2 41569  51.6428 201.4590 0002603 110.9559  30.5147 15.59895828 20434
FLOCK 2E'-7             
1 41570U 98067JU  16284.17713416  .00023112  00000-0  28706-3 0  9993
2 41570  51.6439 201.5362 0001820 281.1703 221.7970 15.59886986 20453
FLOCK 2E-9              
1 41571U 98067JV  16284.02925350  .00020130  00000-0  24844-3 0  9996
2 41571  51.6416 202.1557 0001547 237.0402 211.7825 15.60149519 20391
FLOCK 2E-10             
1 41572U 98067JW  16284.17657185  .00020562  00000-0  25782-3 0  9992
2 41572  51.6423 201.5284 0001546 263.9512 238.8983 15.59716556 20416
FLOCK 2E-12             
1 41573U 98067JX  16284.17923242  .00023103  00000-0  28765-3 0  9991
2 41573  51.6429 201.5156 0001352 299.5058 217.8676 15.59822499 20416
FLOCK 2E-11             
1 41574U 98067JY  16284.15604870  .00022629  00000-0  27872-3 0  9993
2 41574  51.6410 201.3660 0002101 298.1903 212.8202 15.60121177 20419
FLOCK 2E'-9             
1 41575U 98067JZ  16284.15724638  .00025347  00000-0  31114-3 0  9993
2 41575  51.6405 201.3903 0002514 337.3996 163.5718 15.60137223 20402
FLOCK 2E'-10            
1 41576U 98067KA  16284.18430903  .00024654  00000-0  30683-3 0  9996
2 41576  51.6434 201.5754 0002677 331.6249 173.0317 15.59790817 20301
FLOCK 2E'-11            
1 41577U 98067KB  16284.03441417  .00021449  00000-0  26004-3 0  9994
2 41577  51.6431 202.1938 0003026 127.1628 322.5075 15.60571393 20106
FLOCK 2E'-12            
1 41578U 98067KC  16284.05719355  .00024951  00000-0  31237-3 0  9991
2 41578  51.6406 202.3234 0001671 268.9589 186.1002 15.59628366 20109
SOYUZ-MS 01             
1 41639U 16044A   16282.53425926  .00005570  00000-0  91449-4 0  9991
2 41639  51.6440 212.6586 0006601  55.8860 280.1332 15.54086040 14557
PROGRESS-MS 03          
1 41670U 16045A   16282.53425926  .00005570  00000-0  91449-4 0  9997
2 41670  51.6440 212.6586 0006601  55.8860 280.1332 15.54086040 13001
FLOCK 2E'-13            
1 41761U 98067KH  16284.22367759  .00014768  00000-0  22079-3 0  9990
2 41761  51.6444 204.0751 0009377  56.2031  97.9422 15.55208206  3939
FLOCK 2E'-14            
1 41762U 98067KJ  16284.01941199  .00014264  00000-0  21313-3 0  9995
2 41762  51.6446 205.0863 0009422  54.6169  39.4288 15.55255679  3906
FLOCK 2E'-16            
1 41763U 98067KK  16284.02199376  .00016849  00000-0  25180-3 0  9996
2 41763  51.6433 205.1084 0009104  61.1774  30.3238 15.55105622  3863
FLOCK 2E'-15            
1 41764U 98067KL  16284.02163167  .00014835  00000-0  22249-3 0  9992
2 41764  51.6443 205.1003 0009280  61.1612  32.1197 15.55119089  3868
TIANGONG-2              
1 41765U 16057A   16284.10237269  .00011632  00000-0  13895-3 0  9995
2 41765  42.7856  49.9147 0006979 228.0930 128.0493 15.60983436  3843
FLOCK 2E'-18            
1 41769U 98067KM  16284.02018641  .00014862  00000-0  22208-3 0  9998
2 41769  51.6432 205.0941 0008379  76.1345  16.5439 15.55224993  3864
FLOCK 2E'-17            
1 41776U 98067KN  16284.22288316  .00014420  00000-0  21524-3 0  9996
2 41776  51.6442 204.0637 0008509  79.4075  75.1377 15.55283612  3882
FLOCK 2E'-19            
1 41777U 98067KP  16284.22208747  .00019682  00000-0  28853-3 0  9994
2 41777  51.6461 204.0539 0008423  77.6990  81.6218 15.55515565  3843
FLOCK 2E'-20            
1 41782U 98067KQ  16284.08445255  .00017026  00000-0  25204-3 0  9998
2 41782  51.6429 204.7571 0008144  73.0145  26.7343 15.55364983  3696
SKYNET 4C               
1 20776U 90079A   16274.10195800 -.00000049  00000-0  00000+0 0  9994
2 20776  13.6958  18.7525 0002728 196.1443 189.8620  1.00273374 95376
GSAT0101 (PRN E11)      
1 37846U 11060A   16279.63386249  .00000003  00000-0  00000+0 0  9994
2 37846  55.6349  78.8509 0001484   4.4206 355.5895  1.70474006 30868
